937 63 35 432 755 605 990 826 640 32 947 39 153 761 745 27 405 471 102 856 351 969 538 755 490 511 658 660 839 591 870 307 11 463 539 43 573 317 705 996 807 348 623 594 660 240 245 908 611 127 850 64 782 867 32 710 256 523 767 144 224 245 350 993 294 401 571 515 8 645 616 461 372 825 837 141 16 78 706 818 383 169 990 772 238 186 412 448 648 976 
856
507 286 466 237 624 454 834 545 371 605 826 134 900 770 525 872 965 997 77 159 301 481 568 878 144 18 661 724 944 611 347 160 702 374 671 83 178 652 634 336 173 653 325 344 524 748 91 659 699 940 616 867 882 310 985 538 175 611 360 627 75 546 661 15 699 704 750 688 327 561 949 392 711 432 398 450 247 770 648 854 549 747 119 651 194 630 507 129 387 55 22 273 100 948 362 515 784 493 669 829 110 266 331 838 314 359 354 696 633 
77
159 0 613 775 458 650 876 704 284 521 548 644 427 381 302 426 420 422 25 16 850 804 653 871 815 508 797 893 366 158 574 62 879 84 159 487 714 174 353 745 935 713 486 309 316 
850
221 738 312 650 297 720 600 828 370 971 945 712 290 214 935 632 659 223 647 887 802 582 954 682 263 18 900 40 555 686 310 919 820 842 701 5 327 690 204 80 537 604 584 378 665 832 494 903 386 864 378 99 754 177 672 182 612 
647
63 929 270 905 730 596 889 361 521 159 570 186 452 589 30 451 671 350 601 900 739 725 105 382 518 568 965 829 775 718 978 750 288 714 386 791 852 774 396 143 422 346 651 378 649 71 320 54 502 524 739 934 718 984 844 489 637 403 209 609 565 678 363 321 176 329 206 666 664 669 750 780 224 616 147 672 237 355 919 142 967 153 588 770 914 790 456 949 998 207 92 475 603 179 224 302 142 57 104 682 192 866 88 68 480 341 141 830 
900
192 51 567 230 811 412 400 848 431 449 43 833 284 470 271 54 91 34 164 134 430 526 377 851 482 427 780 743 446 699 23 898 241 763 277 123 268 753 636 579 626 810 793 343 292 503 635 693 439 78 12 18 844 113 44 211 60 364 974 36 824 988 776 470 4 123 396 250 231 779 812 907 249 310 803 349 931 307 683 695 852 630 48 396 300 413 977 861 593 325 28 743 628 47 781 742 662 937 666 305 400 110 
284
640 687 479 406 847 851 950 682 269 388 292 678 683 384 841 976 503 781 52 917 734 821 813 963 897 776 605 865 582 478 908 997 240 910 356 409 9 569 109 578 4 893 150 556 406 505 892 98 309 557 350 752 757 976 395 792 592 992 59 390 760 951 617 368 489 2 259 421 312 974 455 755 285 394 750 656 819 380 604 655 521 848 76 558 64 318 599 845 615 370 825 598 599 700 545 416 580 582 981 495 891 462 319 402 211 366 233 892 
683
268 466 308 594 389 308 301 30 701 622 809 517 961 327 406 884 861 708 139 917 180 125 915 746 383 82 113 571 28 289 756 354 463 390 362 861 11 236 202 640 793 473 609 230 640 442 130 625 935 907 135 570 580 921 684 564 702 224 344 545 179 934 913 105 512 906 929 753 114 99 205 162 589 456 589 569 182 306 584 500 148 75 482 763 466 100 173 228 929 729 848 246 401 438 411 694 719 639 
517
477 988 824 490 748 485 210 810 592 371 421 553 563 63 856 862 594 310 12 32 574 286 728 369 510 518 510 158 187 372 16 486 602 255 684 142 673 243 466 795 148 686 707 731 140 436 447 939 15 513 991 348 399 136 404 574 934 294 723 638 29 227 25 710 271 446 229 101 325 242 395 404 156 916 
563
124 333 683 984 60 801 975 52 725 650 138 248 169 391 123 199 882 366 746 431 325 157 410 676 33 0 901 636 153 198 452 166 629 326 485 373 750 322 861 377 573 300 734 908 727 458 569 539 686 612 582 235 732 765 637 75 445 832 418 446 773 93 512 785 427 212 900 890 598 681 237 197 751 364 199 941 589 427 145 2 83 278 314 389 848 344 761 719 45 417 325 747 424 33 938 28 62 851 724 3 875 280 471 397 987 653 186 612 594 
123